15 0.190278 0.080741 0.152778 0.122963
15 0.406481 0.093704 0.140741 0.140000
15 0.641204 0.098519 0.128704 0.124444
15 0.842130 0.096296 0.147222 0.133333
15 0.141204 0.292593 0.139815 0.133333
15 0.364815 0.288519 0.137037 0.157778
15 0.527778 0.298889 0.144444 0.147407
15 0.696759 0.287037 0.154630 0.144444
15 0.899074 0.287037 0.131481 0.135556
15 0.090278 0.477037 0.145370 0.145185
15 0.244907 0.488889 0.195370 0.142222
15 0.474537 0.475926 0.156481 0.145926
15 0.673611 0.480000 0.147222 0.139259
15 0.922685 0.471481 0.100926 0.145926
15 0.145370 0.665926 0.157407 0.155556
15 0.395833 0.662222 0.178704 0.161481
15 0.634722 0.670000 0.163889 0.141481
15 0.876389 0.662963 0.143519 0.134815
15 0.143519 0.882963 0.229630 0.112593
15 0.352315 0.862593 0.147222 0.159259
15 0.554167 0.878889 0.212037 0.135556
