20 0.159896 0.079583 0.128125 0.142500
20 0.395313 0.092083 0.148958 0.144167
20 0.608333 0.084583 0.120833 0.155833
20 0.833854 0.089167 0.169792 0.143333
20 0.085417 0.269167 0.145833 0.148333
20 0.291146 0.270833 0.117708 0.143333
20 0.490104 0.274583 0.126042 0.145833
20 0.699479 0.269167 0.142708 0.158333
20 0.919792 0.284167 0.147917 0.120000
20 0.119271 0.460000 0.155208 0.135000
20 0.360417 0.457083 0.135417 0.144167
20 0.600521 0.475417 0.205208 0.140833
20 0.905729 0.450833 0.086458 0.106667
20 0.095312 0.660833 0.169792 0.141667
20 0.306771 0.659583 0.115625 0.142500
20 0.513021 0.669167 0.126042 0.145000
20 0.709375 0.662500 0.118750 0.148333
20 0.910937 0.666667 0.146875 0.131667
20 0.103646 0.860000 0.107292 0.133333
20 0.310937 0.853333 0.153125 0.125000
20 0.540104 0.850833 0.121875 0.140000
