18 0.153241 0.104444 0.125000 0.142222
18 0.353241 0.101111 0.130556 0.171111
18 0.612037 0.113333 0.085185 0.149630
18 0.874537 0.118519 0.126852 0.139259
18 0.148611 0.282963 0.152778 0.133333
18 0.402778 0.301481 0.116667 0.146667
18 0.575926 0.311481 0.107407 0.140000
18 0.731019 0.301852 0.130556 0.160741
18 0.912037 0.274074 0.114815 0.155556
18 0.120370 0.507037 0.101852 0.142963
18 0.288889 0.498889 0.101852 0.162222
18 0.526389 0.508889 0.093519 0.158519
18 0.707870 0.514074 0.175000 0.134815
18 0.893519 0.514815 0.129630 0.146667
18 0.090741 0.694815 0.109259 0.158519
18 0.406019 0.694074 0.117593 0.162963
18 0.718981 0.722963 0.121296 0.097778
18 0.881019 0.711852 0.125000 0.136296
18 0.175463 0.882222 0.104630 0.125926
18 0.389352 0.882593 0.156481 0.166667
18 0.572222 0.879259 0.114815 0.151111
