19 0.126000 0.092275 0.118667 0.169528
19 0.348000 0.092275 0.165333 0.163090
19 0.574000 0.092811 0.172000 0.146996
19 0.782667 0.088519 0.160000 0.170601
19 0.122667 0.268240 0.152000 0.158798
19 0.317333 0.278970 0.133333 0.148069
19 0.502667 0.260730 0.112000 0.148069
19 0.705333 0.269850 0.098667 0.138412
19 0.885333 0.259657 0.160000 0.175966
19 0.163333 0.476395 0.174667 0.141631
19 0.374000 0.474785 0.113333 0.153433
19 0.590667 0.462446 0.125333 0.167382
19 0.784667 0.461910 0.137333 0.164163
19 0.098000 0.678112 0.121333 0.160944
19 0.277333 0.667382 0.157333 0.182403
19 0.491333 0.660408 0.190667 0.166309
19 0.741333 0.674356 0.176000 0.149142
19 0.892667 0.675429 0.142667 0.164163
19 0.136000 0.861588 0.168000 0.180258
19 0.382667 0.869635 0.226667 0.166309
19 0.608000 0.872318 0.202667 0.158798
