19 0.126786 0.124107 0.203571 0.233929
19 0.366071 0.118750 0.207143 0.219643
19 0.856250 0.118750 0.176786 0.208929
19 0.128571 0.372321 0.125000 0.212500
19 0.367857 0.427679 0.142857 0.151786
19 0.622321 0.384821 0.201786 0.208929
19 0.089286 0.566964 0.092857 0.083929
19 0.372321 0.631250 0.201786 0.212500
19 0.624107 0.612500 0.133929 0.157143
19 0.890179 0.609821 0.148214 0.208929
19 0.150893 0.878571 0.130357 0.100000
19 0.363393 0.852679 0.101786 0.133929
19 0.693750 0.871429 0.069643 0.171429
19 0.839286 0.875893 0.171429 0.169643
17 0.546429 0.891071 0.085714 0.114286
