17 0.171296 0.103333 0.155556 0.140000
17 0.349074 0.104444 0.214815 0.179259
17 0.519907 0.106667 0.145370 0.118519
17 0.685648 0.116667 0.173148 0.111852
17 0.887037 0.121481 0.174074 0.145185
17 0.150926 0.302593 0.161111 0.138519
17 0.428704 0.310741 0.157407 0.135556
17 0.653241 0.273704 0.169444 0.119259
17 0.872685 0.292963 0.158333 0.148889
17 0.198611 0.476296 0.180556 0.149630
17 0.390278 0.481852 0.193519 0.166667
17 0.560648 0.472222 0.126852 0.144444
17 0.868981 0.491852 0.160185 0.130370
17 0.125463 0.688519 0.147222 0.145926
17 0.311574 0.678889 0.149074 0.147407
17 0.493981 0.674444 0.160185 0.151852
17 0.669907 0.681852 0.176852 0.165185
17 0.868981 0.675556 0.195370 0.170370
17 0.193519 0.873704 0.162963 0.135556
17 0.443056 0.886667 0.134259 0.127407
17 0.333796 0.845185 0.080556 0.065185
17 0.594444 0.871481 0.159259 0.141481
