17 0.057500 0.112593 0.103333 0.210370
17 0.164167 0.108889 0.101667 0.191111
17 0.322917 0.108889 0.129167 0.182222
17 0.430833 0.102222 0.113333 0.180741
17 0.579583 0.077778 0.102500 0.152593
17 0.721250 0.093333 0.089167 0.183704
17 0.900417 0.137778 0.109167 0.195556
17 0.047500 0.362222 0.093333 0.200000
17 0.147917 0.365185 0.100833 0.208889
17 0.239167 0.376296 0.085000 0.189630
17 0.355000 0.371111 0.103333 0.194074
17 0.448750 0.357778 0.099167 0.220741
17 0.555000 0.370370 0.090000 0.204444
17 0.635833 0.371852 0.091667 0.216296
17 0.727917 0.368889 0.092500 0.192593
17 0.831250 0.369630 0.100833 0.191111
17 0.932083 0.374074 0.095833 0.179259
17 0.726250 0.365926 0.092500 0.192593
17 0.242083 0.757778 0.119167 0.191111
17 0.407917 0.738519 0.114167 0.205926
17 0.566667 0.752593 0.096667 0.189630
17 0.712917 0.759259 0.104167 0.185185
