16 0.145313 0.072083 0.132292 0.142500
16 0.381250 0.064583 0.154167 0.117500
16 0.601562 0.070000 0.165625 0.138333
16 0.843750 0.072917 0.112500 0.139167
16 0.099479 0.285417 0.098958 0.134167
16 0.271354 0.292083 0.101042 0.122500
16 0.455729 0.287083 0.123958 0.139167
16 0.649479 0.299583 0.117708 0.122500
16 0.933854 0.295833 0.080208 0.101667
17 0.830208 0.306250 0.143750 0.117500
16 0.091667 0.506667 0.181250 0.105000
16 0.278646 0.498333 0.130208 0.135000
16 0.443229 0.481667 0.105208 0.143333
16 0.671354 0.472083 0.111458 0.107500
16 0.897396 0.493333 0.130208 0.141667
16 0.186458 0.695417 0.164583 0.149167
16 0.384896 0.692917 0.134375 0.160833
16 0.594792 0.688750 0.141667 0.175833
16 0.820312 0.712500 0.144792 0.155000
16 0.144792 0.881667 0.168750 0.166667
16 0.345833 0.887500 0.160417 0.183333
16 0.553125 0.877917 0.168750 0.164167
